[gd_scene format=3 uid="uid://rv3t2jr3f8h6"]

[ext_resource type="PackedScene" uid="uid://bs72ogkvdd7d6" path="res://Addons/proto_controller/proto_controller.tscn" id="1_80nbo"]
[ext_resource type="Script" uid="uid://bum51ikm85jqf" path="res://Addons/proto_controller/proto_controller.gd" id="2_e2o6t"]

[node name="Game" type="Node3D" unique_id=1413464218]

[node name="ProtoController" parent="." unique_id=423990970 instance=ExtResource("1_80nbo")]
transform = Transform3D(-0.99999994, 0, 1.1920929e-07, 0, 1, 0, -1.1920929e-07, 0, -0.99999994, -1, 0, 17)
script = ExtResource("2_e2o6t")
can_sprint = true

[node name="Setting" type="Node3D" parent="." unique_id=1581947884]
transform = Transform3D(-0.8799804, 0, -0.47501007, 0, 1, 0, 0.47501007, 0, -0.8799804, -1.2380877, 0, 16.824776)

[node name="Center Piece" type="CSGSphere3D" parent="Setting" unique_id=2117195562]
transform = Transform3D(-0.97132987, 0.013796365, 0.23733516, 0.011878874, 0.9998841, -0.009507489, -0.23743887, -0.006415634, -0.9713812, 18.40973, 4.495744, -36.84699)
radius = 4.0

[node name="CSGTorus3D3" type="CSGTorus3D" parent="Setting/Center Piece" unique_id=1430711676]
transform = Transform3D(1, -4.656613e-10, 1.4901161e-08, 2.3283064e-09, 1, 0, -1.4901161e-08, 1.8626451e-09, 1, 0.010763168, 3.906003, -0.008609772)
inner_radius = 1.3099447
outer_radius = 1.826246

[node name="CSGTorus3D" type="CSGTorus3D" parent="Setting/Center Piece" unique_id=2013277005]
transform = Transform3D(0.8745725, -0.4837886, -0.03274159, 0.48378855, 0.86602545, 0.12628803, -0.032741606, -0.12628801, 0.99145305, -0.008341789, -0.26556826, 0.006679535)
inner_radius = 4.9714274
outer_radius = 5.867351

[node name="CSGTorus3D2" type="CSGTorus3D" parent="Setting/Center Piece" unique_id=954586174]
transform = Transform3D(0.87457234, 0.48378852, -0.03274162, -0.48378855, 0.86602545, -0.12628803, -0.032741606, 0.126288, 0.9914531, -0.008342743, -0.7022171, 0.006679535)
inner_radius = 4.3960633
outer_radius = 5.2442183

[node name="CSGCylinder3D" type="CSGCylinder3D" parent="Setting/Center Piece" unique_id=1850753676]
transform = Transform3D(1, 0, 1.4901161e-08, 2.0954758e-08, 1, 0, -1.4901161e-08, 1.4901161e-08, 1, -0.008342743, -2.715401, 0.006679535)
radius = 1.0
height = 5.973633

[node name="CSGBox3D3" type="CSGBox3D" parent="Setting/Center Piece" unique_id=495849569]
transform = Transform3D(0.9675771, -2.3283064e-10, -0.25257602, 7.0770056e-10, 1, -9.313226e-10, 0.252576, 9.313226e-10, 0.9675771, -0.034831047, -5.856031, 0.35172272)
size = Vector3(7.7539063, 1, 8.451355)

[node name="Stairs" type="CSGBox3D" parent="Setting" unique_id=1224146911]
transform = Transform3D(-0.46060267, 6.1465943e-10, -0.8876065, -9.313226e-10, 1, 2.3283064e-10, 0.8876065, 3.3179087e-10, -0.46060267, 49.0058, -1.2897115, -98.053154)
use_collision = true
size = Vector3(8.026611, 1, 23.522356)

[node name="CSGBox3D" type="CSGBox3D" parent="Setting/Stairs" unique_id=2117553247]
transform = Transform3D(0.94019634, 0.33753514, -0.04582961, -0.33764762, 0.9412565, 0.005503491, 0.04499506, 0.010299493, 0.9989336, -62.248108, 21.056276, -0.7346754)
size = Vector3(123, 0.23388672, 8.357971)

[node name="CSGBox3D20" type="CSGBox3D" parent="Setting/Stairs" unique_id=1816488540]
transform = Transform3D(0.9996893, 0.010208605, -0.023566283, -0.010383006, 0.99991953, -0.0072914585, 0.02349103, 0.007533525, 0.99970037, -185.06638, 41.6338, 13.686171)
size = Vector3(130.36795, 1, 363.58926)

[node name="Floor And Walls" type="CSGBox3D" parent="Setting" unique_id=1367289966]
transform = Transform3D(0.48567998, 0, 0.87413764, 0, 1, 0, -0.87413764, 0, 0.48567998, 73.063896, -1.4314117, -158.79677)
use_collision = true
size = Vector3(371.9723, 0.001, 374)

[node name="CSGBox3D3" type="CSGBox3D" parent="Setting/Floor And Walls" unique_id=2041020787]
transform = Transform3D(0.99863756, 0.057448603, -0.0016346602, -0.057450905, 0.9985085, -0.0009656623, 0.0015836312, 0.0010522698, 1.0000534, 6.347412, 71.55643, 195.202)
size = Vector3(379.52393, 171.5669, 9)

[node name="CSGBox3D2" type="CSGBox3D" parent="Setting/Floor And Walls" unique_id=1170903180]
transform = Transform3D(-0.99911976, -0.029715596, -0.034277484, 0.0277513, -0.99810034, 0.056449927, -0.035886716, 0.05543157, 0.9978445, 0.37483215, 71.78136, -196.53105)
size = Vector3(377.70422, 159, 5)

[node name="CSGBox3D" type="CSGBox3D" parent="Setting/Floor And Walls" unique_id=495852706]
transform = Transform3D(-0.06972734, 0.99748176, 0.0141000375, -0.9974659, -0.069925696, 0.014075779, 0.015026499, -0.013082906, 0.9998124, 191.99173, 60.33647, -3.3756876)
size = Vector3(143.18814, 0.001, 390.57455)

[node name="CSGCylinder3D" type="CSGCylinder3D" parent="Setting/Floor And Walls" unique_id=1694129507]
transform = Transform3D(1, 0, 0, 0, 1, 0, 0, 0, 1, -141.23221, 13.186884, -195.5149)
radius = 3.6416016
height = 26.978397

[node name="CSGCylinder3D2" type="CSGCylinder3D" parent="Setting/Floor And Walls" unique_id=835389375]
transform = Transform3D(1, 0, 0, 0, 1, 0, 0, 0, 1, -82.302826, 16.382925, -193.66266)
radius = 3.6416016
height = 32.870487

[node name="CSGCylinder3D3" type="CSGCylinder3D" parent="Setting/Floor And Walls" unique_id=314207896]
transform = Transform3D(1, 0, 0, 0, 1, 0, 0, 0, 1, -33.620026, 13.718622, -192.82372)
radius = 3.6416016
height = 28.041874

[node name="CSGCylinder3D4" type="CSGCylinder3D" parent="Setting/Floor And Walls" unique_id=1164064303]
transform = Transform3D(1, 0, 0, 0, 1, 0, 0, 0, 1, 17.619278, 10.92326, -192.44722)
operation = 2
radius = 10.571289
height = 28.41037

[node name="CSGCylinder3D5" type="CSGCylinder3D" parent="Setting/Floor And Walls" unique_id=84882116]
transform = Transform3D(1.0000027, 0.0021440992, -0.00069351494, -0.0021459428, 0.99999404, -0.00271065, 0.00068766903, 0.00271213, 0.99999607, -132.7421, 24.894344, 186.9165)
radius = 3.6416016
height = 50.39332

[node name="CSGCylinder3D6" type="CSGCylinder3D" parent="Setting/Floor And Walls" unique_id=1978083308]
transform = Transform3D(1, 0, 0, 0, 1, 0, 0, 0, 1, -80.87409, 12.515163, 187.38306)
operation = 2
radius = 15.590332
height = 32.62738

[node name="CSGCylinder3D7" type="CSGCylinder3D" parent="Setting/Floor And Walls" unique_id=789819529]
transform = Transform3D(1, 0, 0, 0, 1, 0, 0, 0, 1, -31.38826, 24.894344, 189.00462)
radius = 3.6416016
height = 50.39332

[node name="CSGCylinder3D8" type="CSGCylinder3D" parent="Setting/Floor And Walls" unique_id=1825889553]
transform = Transform3D(1, 0, 0, 0, 1, 0, 0, 0, 1, 34.019073, 24.894344, 190.23141)
radius = 3.6416016
height = 50.39332

[node name="Floor" type="CSGBox3D" parent="Setting/Floor And Walls" unique_id=554479793]
transform = Transform3D(0.99984974, -0.012164672, 0.012355898, -0.012356592, -4.371139e-08, 0.9999237, -0.012163743, -0.99992603, -0.00015035919, 15.052765, -2.94482, 86.05536)
size = Vector3(401, 922, 0.001)

[node name="Celing" type="CSGBox3D" parent="Setting/Floor And Walls" unique_id=1881538076]
transform = Transform3D(0.09744971, -0.99519265, 0.01207123, 0.994861, 0.09774112, 0.02641213, -0.027463429, 0.009435177, 0.9995958, 1.9188538, 143.85101, -4.0672216)
size = Vector3(0.001, 382.71442, 406.88965)

[node name="CSGBox3D4" type="CSGBox3D" parent="Setting/Floor And Walls" unique_id=351857731]
transform = Transform3D(0.9997567, 0, 0.022059172, 0, 1, 0, -0.022059172, 0, 0.9997567, -183.99886, 84.09471, -9.757915)
size = Vector3(1, 169.18942, 429.4652)

[node name="CSGBox3D" type="CSGBox3D" parent="Setting" unique_id=1804545452]
transform = Transform3D(1, 0, 0, 0, 1, 0, 0, 0, 1, 247.06535, 52, -190.93779)
size = Vector3(25, 21, 19)

[node name="CSGBox3D2" type="CSGBox3D" parent="Setting" unique_id=1418421590]
transform = Transform3D(1, 0, 0, 0, 1, 0, 0, 0, 1, 6.3505306, 49.5, -293.80624)
size = Vector3(17, 16, 22)

[node name="Environment" type="Node3D" parent="Setting" unique_id=1025334367]
transform = Transform3D(0.48567998, 0, 0.87413764, 0, 1, 0, -0.87413764, 0, 0.48567998, -64.15757, -1.4314117, -418.22192)

[node name="SpotLight3D" type="SpotLight3D" parent="Setting/Environment" unique_id=934480039]
transform = Transform3D(0.018813504, 0.99288756, -0.117553554, -0.09202269, 0.11879498, 0.9886454, 0.99557835, -0.0077822884, 0.09360313, -293.28503, 4.640673, 257.50903)
light_energy = 8.839
shadow_enabled = true
shadow_bias = 1.148
spot_range = 5.56693
spot_angle = 39.374996

[node name="OmniLight3D" type="OmniLight3D" parent="Setting/Environment" unique_id=1905121342]
transform = Transform3D(0.9999993, 0, 0, 0, 1, 0, 0, 0, 0.9999993, -302.2787, 23.550537, 54.68109)
light_energy = 4.263

[node name="OmniLight3D2" type="OmniLight3D" parent="Setting/Environment" unique_id=2081706672]
transform = Transform3D(0.9999992, 0, 9.313226e-10, 0, 1, 0, 0, 0, 0.9999992, -244.36786, 26.843033, 58.266357)
light_energy = 4.263

[node name="OmniLight3D3" type="OmniLight3D" parent="Setting/Environment" unique_id=185188832]
transform = Transform3D(0.9999993, 0, 0, 0, 1, 0, 0, 0, 0.9999993, -194.52908, 21.824806, 60.107193)
light_energy = 4.263

[node name="OmniLight3D4" type="OmniLight3D" parent="Setting/Environment" unique_id=82458107]
transform = Transform3D(0.9999993, 0, 0, 0, 1, 0, 0, 0, 0.9999993, -292.9774, 46.8446, 426.1634)
light_energy = 4.263

[node name="OmniLight3D5" type="OmniLight3D" parent="Setting/Environment" unique_id=245623447]
transform = Transform3D(0.9999992, 0, 0, 0, 1, 0, 0, 0, 0.9999992, -193.34673, 43.55417, 429.75467)
light_energy = 4.263

[node name="OmniLight3D6" type="OmniLight3D" parent="Setting/Environment" unique_id=1484794823]
transform = Transform3D(0.9999993, 0, 0, 0, 1, 0, 0, 0, 0.9999993, -128.22289, 45.128464, 429.37933)
light_energy = 4.263

[node name="WorldEnvironment" type="WorldEnvironment" parent="Setting" unique_id=215848764]

[node name="DirectionalLight3D" type="DirectionalLight3D" parent="Setting/WorldEnvironment" unique_id=1698686760]
transform = Transform3D(-0.33538145, -0.49553508, 0.8012268, -0.6391912, 0.7444686, 0.1928761, -0.69206506, -0.44745, -0.5664226, 0, 144.34021, 58.143463)

[node name="Plantlife" type="Node3D" parent="Setting" unique_id=1881234580]

[node name="CSGSphere3D" type="CSGSphere3D" parent="Setting/Plantlife" unique_id=1648930947]
transform = Transform3D(0.48567998, 0, 0.87413764, 0, 1, 0, -0.87413764, 0, 0.48567998, -27.606592, -1.4314117, -396.13754)
radius = 10.310154

[node name="CSGSphere3D2" type="CSGSphere3D" parent="Setting/Plantlife" unique_id=469363176]
transform = Transform3D(0.48567998, 0, 0.87413764, 0, 1, 0, -0.87413764, 0, 0.48567998, -64.157555, -1.4314117, -418.22195)
radius = 10.310154

[node name="CSGSphere3D3" type="CSGSphere3D" parent="Setting/Plantlife" unique_id=97202836]
transform = Transform3D(0.48567998, 0, 0.87413764, 0, 1, 0, -0.87413764, 0, 0.48567998, -46.83207, -1.4314117, -405.41983)
radius = 10.310154

[node name="CSGSphere3D4" type="CSGSphere3D" parent="Setting/Plantlife" unique_id=4625512]
transform = Transform3D(0.48567998, 0, 0.87413764, 0, 1, 0, -0.87413764, 0, 0.48567998, -88.32523, -1.4314117, -428.91324)
radius = 10.310154

[node name="CSGSphere3D5" type="CSGSphere3D" parent="Setting/Plantlife" unique_id=2051460746]
transform = Transform3D(0.48567998, 0, 0.87413764, 0, 1, 0, -0.87413764, 0, 0.48567998, -124.87623, -1.4314117, -450.99768)
radius = 10.310154

[node name="CSGSphere3D6" type="CSGSphere3D" parent="Setting/Plantlife" unique_id=1067291774]
transform = Transform3D(0.48567998, 0, 0.87413764, 0, 1, 0, -0.87413764, 0, 0.48567998, -107.55074, -1.4314117, -438.19556)
radius = 10.310154
