[gd_scene format=3 uid="uid://rv3t2jr3f8h6"]

[ext_resource type="PackedScene" uid="uid://bs72ogkvdd7d6" path="res://Addons/proto_controller/proto_controller.tscn" id="1_80nbo"]
[ext_resource type="Script" uid="uid://bum51ikm85jqf" path="res://Addons/proto_controller/proto_controller.gd" id="2_e2o6t"]

[node name="Game" type="Node3D" unique_id=1413464218]

[node name="ProtoController" parent="." unique_id=423990970 instance=ExtResource("1_80nbo")]
transform = Transform3D(-0.99999994, 0, 1.1920929e-07, 0, 1, 0, -1.1920929e-07, 0, -0.99999994, -1, -1.9390674, -9.372836)
script = ExtResource("2_e2o6t")
can_sprint = true

[node name="Setting" type="Node3D" parent="." unique_id=1581947884]
transform = Transform3D(-0.87549824, 0, -0.48322135, 0, 1, 0, 0.48322135, 0, -0.87549824, -1.2380877, 0, 16.824776)

[node name="Center Piece" type="CSGSphere3D" parent="Setting" unique_id=2117195562]
transform = Transform3D(-0.9713301, 0.013796365, 0.23733516, 0.011878874, 0.9998841, -0.009507489, -0.23743898, -0.006415634, -0.9713812, 17.786587, 4.46987, -35.77594)
radius = 3.6862075

[node name="CSGTorus3D3" type="CSGTorus3D" parent="Setting/Center Piece" unique_id=1430711676]
transform = Transform3D(1, -4.656613e-10, 1.4901161e-08, 2.3283064e-09, 1, 0, -1.4901161e-08, 1.8626451e-09, 1, 0.010763168, 3.906003, -0.008609772)
inner_radius = 1.5232219
outer_radius = 2.029038

[node name="CSGTorus3D" type="CSGTorus3D" parent="Setting/Center Piece" unique_id=2013277005]
transform = Transform3D(0.8745725, -0.4837886, -0.03274159, 0.48378855, 0.86602545, 0.12628803, -0.032741606, -0.12628801, 0.99145305, -0.008341789, -0.26556826, 0.006679535)
inner_radius = 5.0685415
outer_radius = 5.867351

[node name="CSGTorus3D2" type="CSGTorus3D" parent="Setting/Center Piece" unique_id=954586174]
transform = Transform3D(0.87098306, 0.49028304, -0.031798676, -0.49014983, 0.8626475, -0.124870285, -0.033790693, 0.12434598, 0.99166334, -0.008342743, -0.7022166, 0.006679535)
inner_radius = 4.8691816
outer_radius = 5.6315727

[node name="CSGCylinder3D" type="CSGCylinder3D" parent="Setting/Center Piece" unique_id=1850753676]
transform = Transform3D(1, 0, 1.4901161e-08, 2.0954758e-08, 1, 0, -1.4901161e-08, 1.4901161e-08, 1, -0.008342743, -2.715401, 0.006679535)
radius = 1.0
height = 5.973633

[node name="CSGBox3D3" type="CSGBox3D" parent="Setting/Center Piece" unique_id=495849569]
transform = Transform3D(0.9675771, -1.9092113e-08, -0.25257573, -1.2703822e-08, 0.9999981, 0, 0.25257593, -1.0244548e-08, 0.96757627, -0.034831047, -5.8560305, 0.35172272)
size = Vector3(7.7539063, 1, 8.451355)

[node name="SpotLight3D" type="SpotLight3D" parent="Setting/Center Piece" unique_id=934480039]
transform = Transform3D(-0.9661947, -0.25340572, -0.047468618, -0.08287605, 0.13093285, 0.98792136, -0.24412967, 0.95845836, -0.14750788, -0.11621094, -1.2855225, -0.028503418)
light_energy = 8.839
shadow_enabled = true
shadow_bias = 1.148
spot_range = 5.56693
spot_angle = 39.374996

[node name="WorldEnvironment" type="WorldEnvironment" parent="Setting" unique_id=215848764]

[node name="DirectionalLight3D" type="DirectionalLight3D" parent="Setting/WorldEnvironment" unique_id=1698686760]
transform = Transform3D(-0.33538145, -0.49553508, 0.8012268, -0.6391912, 0.7444686, 0.1928761, -0.69206506, -0.44745, -0.5664226, 0, 144.34021, 58.143463)

[node name="Map" type="CSGCombiner3D" parent="Setting" unique_id=423185559]
use_collision = true

[node name="Guild" type="Node3D" parent="Setting/Map" unique_id=545144321]

[node name="CSGBox3D2" type="CSGBox3D" parent="Setting/Map/Guild" unique_id=29660150]
transform = Transform3D(0.8660256, 0, -0.49999994, 0, 1, 0, 0.49999994, 0, 0.8660256, -74.42545, 8.5, -32.821995)
size = Vector3(44, 20, 42)

[node name="CSGBox3D" type="CSGBox3D" parent="Setting/Map/Guild" unique_id=1527931898]
transform = Transform3D(0.86884946, 0, -0.49508023, 0, 1, 0, 0.49508023, 0, 0.86884946, -74.249695, 8.0587435, -32.72191)
operation = 2
size = Vector3(41.432068, 19.158602, 38.514515)

[node name="CSGCylinder3D" type="CSGCylinder3D" parent="Setting/Map/Guild" unique_id=831124665]
transform = Transform3D(1, 0, 0, 0, 1, 0, 0, 0, 1, -52.63076, -0.21430421, -27.728622)
operation = 2
radius = 1.3652344
height = 2.6015472

[node name="Bar" type="Node3D" parent="Setting/Map" unique_id=393892435]

[node name="CSGCylinder3D2" type="CSGCylinder3D" parent="Setting/Map/Bar" unique_id=421063454]
transform = Transform3D(1, 0, 0, 0, 1, 0, 0, 0, 1, 93.592415, -0.24258423, -55.49244)
operation = 2
radius = 4.215332
height = 3.5477905

[node name="CSGBox3D3" type="CSGBox3D" parent="Setting/Map/Bar" unique_id=2051477713]
transform = Transform3D(0.4891237, 0, 0.87221444, 0, 1, 0, -0.87221444, 0, 0.4891237, 112.36646, 8.597745, -79.32835)
size = Vector3(60.68625, 21.838959, 50.128906)

[node name="CSGBox3D5" type="CSGBox3D" parent="Setting/Map/Bar" unique_id=49955138]
transform = Transform3D(0.8660256, 0, -0.49999994, 0, 1, 0, 0.49999994, 0, 0.8660256, 111.9743, 8.073944, -78.38619)
operation = 2
size = Vector3(48.16455, 20.275574, 57.17279)

[node name="Floor" type="CSGBox3D" parent="Setting/Map" unique_id=735470566]
transform = Transform3D(0.8759197, 0, -0.48245713, 0, 1, 0, 0.48245713, 0, 0.8759197, 22.811388, -2.0409327, -63.919502)
size = Vector3(194.83968, 0.001, 201.4776)

[node name="CSGBox3D4" type="CSGBox3D" parent="Setting/Map" unique_id=555352209]
transform = Transform3D(0.8857183, 0, -0.464224, 0, 1, 0, 0.464224, 0, 0.8857183, 70.82608, 5.283905, -151.05733)
size = Vector3(196, 15.56781, 0.001)

[node name="CSGBox3D6" type="CSGBox3D" parent="Setting/Map" unique_id=493531372]
transform = Transform3D(0.5035029, 0, 0.8639943, 0, 1, 0, -0.8639943, 0, 0.5035029, -62.500816, 5.283905, -109.22419)
size = Vector3(197.65381, 15.56781, 0.001)

[node name="CSGCylinder3D3" type="CSGCylinder3D" parent="Setting/Map" unique_id=160648627]
transform = Transform3D(1, 0, 0, 0, 1, 0, 0, 0, 1, 74.04475, 1.9711747, -149.89885)
operation = 2
radius = 4.147949
height = 7.9555664

[node name="CSGBox3D5" type="CSGBox3D" parent="Setting/Map" unique_id=1803665602]
transform = Transform3D(0.8741119, 0, -0.48572546, 0, 1, 0, 0.48572546, 0, 0.8741119, -23.30754, 5.283905, 23.329998)
size = Vector3(196, 15.56781, 0.001)

[node name="CSGBox3D7" type="CSGBox3D" parent="Setting/Map" unique_id=376905470]
transform = Transform3D(0.4752714, 0, 0.87984, 0, 1, 0, -0.87984, 0, 0.4752714, 106.00746, 5.283905, -18.264072)
size = Vector3(197.65381, 15.56781, 0.001)

[node name="CSGBox3D" type="CSGBox3D" parent="Setting/Map" unique_id=1494094297]
transform = Transform3D(0.86602545, 0, -0.5, 0, 1, 0, 0.5, 0, 0.86602545, -19.874107, 2.3481445, 35.016335)
size = Vector3(12.955505, 8.303711, 17.862427)

[node name="CSGCylinder3D" type="CSGCylinder3D" parent="Setting/Map" unique_id=1168189716]
transform = Transform3D(1, 0, 0, 0, 1, 0, 0, 0, 1, -15.348173, 0.7123647, 27.80775)
operation = 2
radius = 4.8842773
height = 5.4248047
