[gd_scene format=3 uid="uid://rv3t2jr3f8h6"]

[ext_resource type="PackedScene" uid="uid://bs72ogkvdd7d6" path="res://Addons/proto_controller/proto_controller.tscn" id="1_80nbo"]
[ext_resource type="Script" uid="uid://bum51ikm85jqf" path="res://Addons/proto_controller/proto_controller.gd" id="2_e2o6t"]
[ext_resource type="PackedScene" uid="uid://yrn7pajwboka" path="res://Scene/stone_floor.tscn" id="3_fc0e3"]
[ext_resource type="Texture2D" uid="uid://cx3e1uqgj26wj" path="res://Addons/brackeys_3d_game_assets/sky_background/autumn_field_puresky_4k.hdr" id="3_vaj68"]
[ext_resource type="PackedScene" uid="uid://dm7n2tobfgl06" path="res://Scene/celiling.tscn" id="4_7jktm"]
[ext_resource type="PackedScene" uid="uid://hvrc2cemnjl6" path="res://Scene/table.tscn" id="4_iotsf"]
[ext_resource type="PackedScene" uid="uid://d3hsv1mi0xriy" path="res://Scene/barrel.tscn" id="4_vef74"]
[ext_resource type="PackedScene" uid="uid://t50cksp0sru4" path="res://Scene/wood floor.tscn" id="5_7jktm"]
[ext_resource type="PackedScene" uid="uid://cfibg6b2fkugj" path="res://Scene/chest.tscn" id="5_hve3p"]
[ext_resource type="PackedScene" uid="uid://v16xor1pbw2s" path="res://Scene/chair.tscn" id="5_lc2xo"]
[ext_resource type="PackedScene" uid="uid://b30xrtty72m2" path="res://Scene/corner_wall.tscn" id="6_ryrav"]
[ext_resource type="PackedScene" uid="uid://x4twh3nc1nnk" path="res://Scene/wall.tscn" id="7_eow3j"]
[ext_resource type="PackedScene" uid="uid://cup06v2bgmin4" path="res://Scene/crates.tscn" id="8_f1jbl"]
[ext_resource type="PackedScene" uid="uid://tjseu37l5y82" path="res://Scene/banner.tscn" id="9_vaj68"]
[ext_resource type="PackedScene" uid="uid://c4sxj7177n1d3" path="res://Scene/shelved_wall.tscn" id="10_hve3p"]
[ext_resource type="PackedScene" uid="uid://b5m8ra7w0l5aw" path="res://Scene/food_plate.tscn" id="10_i2p71"]
[ext_resource type="PackedScene" uid="uid://cox8mdxrg0nn1" path="res://Scene/torch.tscn" id="13_e8heu"]
[ext_resource type="PackedScene" uid="uid://dngtd4beesx6j" path="res://Scene/keg.tscn" id="13_lc2xo"]
[ext_resource type="PackedScene" uid="uid://b4m1jk3gir8mj" path="res://Addons/sword.glb" id="14_215e1"]
[ext_resource type="PackedScene" uid="uid://cy737514jf7ha" path="res://Scene/torch_fire.tscn" id="14_boyg6"]
[ext_resource type="PackedScene" uid="uid://diysoxuww1crl" path="res://Scene/closed_door.tscn" id="14_rvswv"]
[ext_resource type="PackedScene" uid="uid://dm8f6npm4x47m" path="res://Scene/cracked_wall.tscn" id="18_e36ub"]
[ext_resource type="PackedScene" uid="uid://0vjmb50b5r7o" path="res://Scene/closed_window.tscn" id="19_hb5m1"]
[ext_resource type="PackedScene" uid="uid://c1lao51umcxa6" path="res://Scene/pillar.tscn" id="20_xa8c5"]
[ext_resource type="PackedScene" uid="uid://d0ph0slqy4dku" path="res://Scene/arched_window_wall.tscn" id="21_i2p71"]
[ext_resource type="PackedScene" uid="uid://rp5ffu7a4sgc" path="res://Scene/coin_stack.tscn" id="23_xa8c5"]

[sub_resource type="PanoramaSkyMaterial" id="PanoramaSkyMaterial_i2p71"]
panorama = ExtResource("3_vaj68")

[sub_resource type="Sky" id="Sky_xa8c5"]
resource_local_to_scene = true
sky_material = SubResource("PanoramaSkyMaterial_i2p71")
radiance_size = 2

[sub_resource type="Environment" id="Environment_5b14r"]
background_mode = 2
background_color = Color(0.58798194, 0.7557073, 0.79700387, 1)
background_energy_multiplier = 2.24
sky = SubResource("Sky_xa8c5")
sky_custom_fov = 26.7
ambient_light_source = 1
reflected_light_source = 2
tonemap_exposure = 0.75
tonemap_white = 2.18
ssr_enabled = true
ssr_max_steps = 63
glow_intensity = 0.46
fog_mode = 1
fog_light_energy = 0.0
fog_density = 1.0
volumetric_fog_density = 0.0
adjustment_enabled = true
adjustment_brightness = 0.92
adjustment_contrast = 1.005
adjustment_saturation = 0.99

[node name="Game" type="Node3D" unique_id=1413464218]

[node name="ProtoController" parent="." unique_id=423990970 instance=ExtResource("1_80nbo")]
transform = Transform3D(-0.99999994, 0, 1.1920929e-07, 0, 1, 0, -1.1920929e-07, 0, -0.99999994, -1, -1.9390674, -9.372836)
script = ExtResource("2_e2o6t")
can_sprint = true

[node name="Setting" type="Node3D" parent="." unique_id=1581947884]
transform = Transform3D(-0.87549824, 0, -0.48322135, 0, 1, 0, 0.48322135, 0, -0.87549824, -1.2380877, 0, 16.824776)

[node name="Center Piece" type="CSGSphere3D" parent="Setting" unique_id=2117195562]
transform = Transform3D(-0.9713301, 0.013796366, 0.23733518, 0.011878874, 0.9998841, -0.009507489, -0.23743898, -0.006415635, -0.97138125, 11.021489, 4.46987, -23.518967)
radius = 3.6862075

[node name="CSGTorus3D3" type="CSGTorus3D" parent="Setting/Center Piece" unique_id=1430711676]
transform = Transform3D(1, -4.656613e-10, 1.4901161e-08, 2.3283064e-09, 1, 0, -1.4901161e-08, 1.8626451e-09, 1, 0.010763168, 3.906003, -0.008609772)
inner_radius = 1.5232219
outer_radius = 2.029038

[node name="CSGTorus3D" type="CSGTorus3D" parent="Setting/Center Piece" unique_id=2013277005]
transform = Transform3D(0.8745725, -0.4837886, -0.03274159, 0.48378855, 0.86602545, 0.12628803, -0.032741606, -0.12628801, 0.99145305, -0.008341789, -0.26556826, 0.006679535)
inner_radius = 5.0685415
outer_radius = 5.867351

[node name="CSGTorus3D2" type="CSGTorus3D" parent="Setting/Center Piece" unique_id=954586174]
transform = Transform3D(0.87098306, 0.49028304, -0.031798676, -0.49014983, 0.8626475, -0.124870285, -0.033790693, 0.12434598, 0.99166334, -0.008342743, -0.7022166, 0.006679535)
inner_radius = 4.8691816
outer_radius = 5.6315727

[node name="CSGCylinder3D" type="CSGCylinder3D" parent="Setting/Center Piece" unique_id=1850753676]
transform = Transform3D(1, 0, 1.4901161e-08, 2.0954758e-08, 1, 0, -1.4901161e-08, 1.4901161e-08, 1, -0.008342743, -2.715401, 0.006679535)
radius = 1.0
height = 5.973633

[node name="CSGBox3D3" type="CSGBox3D" parent="Setting/Center Piece" unique_id=495849569]
transform = Transform3D(0.9675771, -1.9092113e-08, -0.25257573, -1.2703822e-08, 0.9999981, 0, 0.25257593, -1.0244548e-08, 0.96757627, -0.034831047, -5.8560305, 0.35172272)
size = Vector3(7.7539063, 1, 8.451355)

[node name="SpotLight3D" type="SpotLight3D" parent="Setting/Center Piece" unique_id=934480039]
transform = Transform3D(-0.9661947, -0.25340572, -0.047468618, -0.08287605, 0.13093285, 0.98792136, -0.24412967, 0.95845836, -0.14750788, -0.11621094, -1.2855225, -0.028503418)
light_energy = 8.839
shadow_enabled = true
shadow_bias = 1.148
spot_range = 5.56693
spot_angle = 39.374996

[node name="WorldEnvironment" type="WorldEnvironment" parent="Setting" unique_id=215848764]
environment = SubResource("Environment_5b14r")

[node name="DirectionalLight3D" type="DirectionalLight3D" parent="Setting/WorldEnvironment" unique_id=1698686760]
transform = Transform3D(-0.92549586, -0.048565216, -0.37563163, -0.26271537, 0.7967036, 0.54428303, 0.27283373, 0.60241556, -0.75010455, -3, 24, 42)
light_color = Color(0.47196734, 0.49196875, 0.49237126, 1)
light_energy = 3.527
light_indirect_energy = 2.474

[node name="Map" type="CSGCombiner3D" parent="Setting" unique_id=423185559]
visible = false
transparency = 0.57

[node name="Floor" type="CSGBox3D" parent="Setting/Map" unique_id=735470566]
transform = Transform3D(0.8759197, 0, -0.48245722, 0, 1, 0, 0.48245722, 0, 0.8759197, 22.774075, -2.0409327, -63.85177)
size = Vector3(194.83968, 0.001, 201.63228)

[node name="CSGBox3D4" type="CSGBox3D" parent="Setting/Map" unique_id=555352209]
transform = Transform3D(0.8857183, 0, -0.464224, 0, 1, 0, 0.464224, 0, 0.8857183, 70.82608, 5.283905, -151.05733)
size = Vector3(196, 15.56781, 0.001)

[node name="CSGBox3D6" type="CSGBox3D" parent="Setting/Map" unique_id=493531372]
transform = Transform3D(0.5035029, 0, 0.8639943, 0, 1, 0, -0.8639943, 0, 0.5035029, -62.500816, 5.283905, -109.22419)
size = Vector3(197.65381, 15.56781, 0.001)

[node name="CSGCylinder3D3" type="CSGCylinder3D" parent="Setting/Map" unique_id=160648627]
transform = Transform3D(1, 0, 0, 0, 1, 0, 0, 0, 1, 74.04475, 1.9711747, -149.89885)
operation = 2
radius = 4.147949
height = 7.9555664

[node name="CSGBox3D5" type="CSGBox3D" parent="Setting/Map" unique_id=1803665602]
transform = Transform3D(0.8741119, 0, -0.48572546, 0, 1, 0, 0.48572546, 0, 0.8741119, -23.884583, 5.283905, 24.375484)
size = Vector3(196, 15.56781, 0.001)

[node name="CSGBox3D7" type="CSGBox3D" parent="Setting/Map" unique_id=376905470]
transform = Transform3D(0.4752714, 0, 0.87984, 0, 1, 0, -0.87984, 0, 0.4752714, 106.00746, 5.283905, -18.264072)
size = Vector3(197.65381, 15.56781, 0.001)

[node name="CSGCylinder3D" type="CSGCylinder3D" parent="Setting/Map" unique_id=1168189716]
transform = Transform3D(1, 0, 0, 0, 1, 0, 0, 0, 1, -15.870274, 0.7123647, 28.753689)
operation = 2
radius = 4.8842773
height = 5.4248047

[node name="CSGBox3D3" type="CSGBox3D" parent="Setting/Map" unique_id=2051477713]
transform = Transform3D(0.48912373, 0, 0.8722145, 0, 1, 0, -0.8722145, 0, 0.48912373, 110.96083, 6.260991, -74.36542)
use_collision = true
size = Vector3(50.65367, 17.165451, 48.124634)

[node name="CSGBox3D8" type="CSGBox3D" parent="Setting/Map" unique_id=49955138]
transform = Transform3D(0.8660256, 0, -0.49999994, 0, 1, 0, 0.49999994, 0, 0.8660256, 110.46434, 8.073944, -72.65149)
operation = 2
size = Vector3(45.045166, 20.275574, 45.72995)

[node name="CSGBox3D2" type="CSGBox3D" parent="Setting/Map" unique_id=29660150]
transform = Transform3D(0.8660256, 0, -0.49999994, 0, 1, 0, 0.49999994, 0, 0.8660256, -74.40231, 8.500002, -32.85424)
use_collision = true
size = Vector3(44, 20, 42)

[node name="CSGBox3D9" type="CSGBox3D" parent="Setting/Map" unique_id=568023705]
transform = Transform3D(0.8653121, -0.055442188, -0.49816698, 0.058277853, 0.99825156, -0.00986946, 0.49784604, -0.02049215, 0.867025, -57.437996, 0.16941014, -19.199368)
operation = 2
size = Vector3(2.6403809, 3.416603, 4.4733086)

[node name="CSGBox3D" type="CSGBox3D" parent="Setting/Map" unique_id=1527931898]
transform = Transform3D(0.8688495, 0, -0.49508032, 0, 1, 0, 0.49508032, 0, 0.8688495, -74.669785, 8.0587435, -32.75618)
operation = 2
size = Vector3(42.196014, 19.158602, 39.725857)

[node name="CSGCylinder3D2" type="CSGCylinder3D" parent="Setting/Map" unique_id=1560809548]
transform = Transform3D(1, 0, 0, 0, 1, 0, 0, 0, 1, 97.63826, 0.72439146, -55.220215)
operation = 2
radius = 4.885742
height = 5.4682617

[node name="CSGBox3D10" type="CSGBox3D" parent="Setting/Map" unique_id=1671755733]
transform = Transform3D(0.8717018, 0, -0.49003676, 0, 1, 0, 0.49003676, 0, 0.8717018, -89.182495, 6.9272513, -40.994083)
size = Vector3(10.689575, 1, 39.101563)

[node name="CSGBox3D11" type="CSGBox3D" parent="Setting/Map" unique_id=73609256]
transform = Transform3D(0.51610005, 0, 0.85652864, 0, 1, 0, -0.85652864, 0, 0.51610005, -63.073944, 7.182228, -43.56501)
size = Vector3(8.153595, 0.3959961, 32.54712)

[node name="CSGBox3D12" type="CSGBox3D" parent="Setting/Map" unique_id=1151130375]
transform = Transform3D(0.7354517, 0.42339715, -0.52900565, -0.48613045, 0.8735746, 0.02333382, 0.47200522, 0.2400047, 0.8482984, -86.36731, 3.1693912, -19.66407)
size = Vector3(17.17067, 0.24902344, 2.0043945)

[node name="Wall" parent="Setting/Map" unique_id=1468675804 instance=ExtResource("7_eow3j")]
transform = Transform3D(-0.87549824, 0, 0.48322135, 0, 1, 0, -0.48322135, 0, -0.87549824, -17.337854, 10, 26.781048)

[node name="Table" parent="Setting/Map" unique_id=366407734 instance=ExtResource("4_iotsf")]
transform = Transform3D(-0.87549824, 0, 0.48322135, 0, 1, 0, -0.48322135, 0, -0.87549824, 115.00906, -1, -57.796112)

[node name="Table2" parent="Setting/Map" unique_id=234712134 instance=ExtResource("4_iotsf")]
transform = Transform3D(-0.87549824, 0, 0.48322135, 0, 1, 0, -0.48322135, 0, -0.87549824, 114.04262, -1, -56.04512)

[node name="Table3" parent="Setting/Map" unique_id=1754732605 instance=ExtResource("4_iotsf")]
transform = Transform3D(-0.87549824, 0, 0.48322135, 0, 1, 0, -0.48322135, 0, -0.87549824, 97.80043, -1, -63.867607)

[node name="Table4" parent="Setting/Map" unique_id=1008440454 instance=ExtResource("4_iotsf")]
transform = Transform3D(-0.87549824, 0, 0.48322135, 0, 1, 0, -0.48322135, 0, -0.87549824, 105.8618, -1, -63.987045)

[node name="Table5" parent="Setting/Map" unique_id=1050346670 instance=ExtResource("4_iotsf")]
transform = Transform3D(-0.87549824, 0, 0.48322135, 0, 1, 0, -0.48322135, 0, -0.87549824, 98.25515, -1, -75.0387)

[node name="Table6" parent="Setting/Map" unique_id=1402605331 instance=ExtResource("4_iotsf")]
transform = Transform3D(-0.87549824, 0, 0.48322135, 0, 1, 0, -0.48322135, 0, -0.87549824, 106.22558, -1, -72.92392)

[node name="Table7" parent="Setting/Map" unique_id=1811577315 instance=ExtResource("4_iotsf")]
transform = Transform3D(-0.87549824, 0, 0.48322135, 0, 1, 0, -0.48322135, 0, -0.87549824, 104.895355, -1, -62.236046)

[node name="Table8" parent="Setting/Map" unique_id=675764919 instance=ExtResource("4_iotsf")]
transform = Transform3D(-0.87549824, 0, 0.48322135, 0, 1, 0, -0.48322135, 0, -0.87549824, 127.027145, -1, -67.15376)

[node name="Table9" parent="Setting/Map" unique_id=625968365 instance=ExtResource("4_iotsf")]
transform = Transform3D(-0.87549824, 0, 0.48322135, 0, 1, 0, -0.48322135, 0, -0.87549824, 126.060715, -1, -65.40276)

[node name="Table10" parent="Setting/Map" unique_id=1942611307 instance=ExtResource("4_iotsf")]
transform = Transform3D(-0.87549824, 0, 0.48322135, 0, 1, 0, -0.48322135, 0, -0.87549824, 91.973274, -1, -63.65722)

[node name="Table11" parent="Setting/Map" unique_id=1480998583 instance=ExtResource("4_iotsf")]
transform = Transform3D(-0.87549824, 0, 0.48322135, 0, 1, 0, -0.48322135, 0, -0.87549824, 115.765114, -1, -65.37427)

[node name="Chair" parent="Setting/Map" unique_id=1029880514 instance=ExtResource("5_lc2xo")]
transform = Transform3D(-0.87549824, 0, 0.48322135, 0, 1, 0, -0.48322135, 0, -0.87549824, 103.84717, -1.3229604, -62.957397)

[node name="Chair2" parent="Setting/Map" unique_id=1170611367 instance=ExtResource("5_lc2xo")]
transform = Transform3D(-0.87549824, 0, 0.48322135, 0, 1, 0, -0.48322135, 0, -0.87549824, 113.167114, -1, -56.528336)

[node name="Chair3" parent="Setting/Map" unique_id=71145125 instance=ExtResource("5_lc2xo")]
transform = Transform3D(-0.87549824, 0, 0.48322135, 0, 1, 0, -0.48322135, 0, -0.87549824, 114.13356, -1, -58.279327)

[node name="Chair4" parent="Setting/Map" unique_id=1767723794 instance=ExtResource("5_lc2xo")]
transform = Transform3D(-0.87549824, 0, 0.48322135, 0, 1, 0, -0.48322135, 0, -0.87549824, 104.98631, -1, -64.47028)

[node name="Chair5" parent="Setting/Map" unique_id=1497837572 instance=ExtResource("5_lc2xo")]
transform = Transform3D(-0.87549824, 0, 0.48322135, 0, 1, 0, -0.48322135, 0, -0.87549824, 105.35008, -1, -73.407135)

[node name="Chair6" parent="Setting/Map" unique_id=938235687 instance=ExtResource("5_lc2xo")]
transform = Transform3D(-0.87549824, 0, 0.48322135, 0, 1, 0, -0.48322135, 0, -0.87549824, 96.92493, -1, -64.35083)

[node name="Chair7" parent="Setting/Map" unique_id=1872069221 instance=ExtResource("5_lc2xo")]
transform = Transform3D(-0.87549824, 0, 0.48322135, 0, 1, 0, -0.48322135, 0, -0.87549824, 97.379654, -1, -75.52192)

[node name="Chair8" parent="Setting/Map" unique_id=1270491346 instance=ExtResource("5_lc2xo")]
transform = Transform3D(-0.87549824, 0, 0.48322135, 0, 1, 0, -0.48322135, 0, -0.87549824, 91.09778, -1, -64.14044)

[node name="Chair9" parent="Setting/Map" unique_id=185519806 instance=ExtResource("5_lc2xo")]
transform = Transform3D(-0.87549824, 0, 0.48322135, 0, 1, 0, -0.48322135, 0, -0.87549824, 114.88962, -1, -65.85749)

[node name="Chair10" parent="Setting/Map" unique_id=1704828814 instance=ExtResource("5_lc2xo")]
transform = Transform3D(-0.87549824, 0, 0.48322135, 0, 1, 0, -0.48322135, 0, -0.87549824, 125.18523, -1, -65.88598)

[node name="Chair11" parent="Setting/Map" unique_id=434862951 instance=ExtResource("5_lc2xo")]
transform = Transform3D(-0.87549824, 0, 0.48322135, 0, 1, 0, -0.48322135, 0, -0.87549824, 126.15166, -1, -67.63698)

[node name="Chair12" parent="Setting/Map" unique_id=672032456 instance=ExtResource("5_lc2xo")]
transform = Transform3D(0.8754982, 0, -0.48322144, 0, 1, 0, 0.48322144, 0, 0.8754982, 115.88457, -1, -57.312897)

[node name="Chair13" parent="Setting/Map" unique_id=1228288210 instance=ExtResource("5_lc2xo")]
transform = Transform3D(0.8754982, 0, -0.48322144, 0, 1, 0, 0.48322144, 0, 0.8754982, 114.91813, -1, -55.561905)

[node name="Chair14" parent="Setting/Map" unique_id=696695537 instance=ExtResource("5_lc2xo")]
transform = Transform3D(0.8754983, 0, -0.48322123, 0, 1, 0, 0.48322123, 0, 0.8754983, 106.737305, -1, -63.503838)

[node name="Chair15" parent="Setting/Map" unique_id=345434296 instance=ExtResource("5_lc2xo")]
transform = Transform3D(0.8754982, 0, -0.48322144, 0, 1, 0, 0.48322144, 0, 0.8754982, 105.77087, -1, -61.752823)

[node name="Chair16" parent="Setting/Map" unique_id=591575186 instance=ExtResource("5_lc2xo")]
transform = Transform3D(0.8754983, 0, -0.48322123, 0, 1, 0, 0.48322123, 0, 0.8754983, 107.101074, -1, -72.4407)

[node name="Props" type="Node3D" parent="Setting" unique_id=1026156564]
transform = Transform3D(-0.87549824, 0, 0.48322135, 0, 1, 0, -0.48322135, 0, -0.87549824, -9.214034, 0, 14.131791)

[node name="Barrel" parent="Setting/Props" unique_id=410824778 instance=ExtResource("4_vef74")]
transform = Transform3D(1, 0, 0, 0, 1, 0, 0, 0, 1, -40, -2, 60.999992)

[node name="Chest" parent="Setting/Props" unique_id=461915953 instance=ExtResource("5_hve3p")]
transform = Transform3D(-1, 0, 8.742278e-08, 0, 1, 0, -8.742278e-08, 0, -1, 97, 7, 28)

[node name="Barrel2" parent="Setting/Props" unique_id=824078895 instance=ExtResource("4_vef74")]
transform = Transform3D(1, 0, 0, 0, 1, 0, 0, 0, 1, -42, -2, 61)

[node name="Barrel3" parent="Setting/Props" unique_id=1250820083 instance=ExtResource("4_vef74")]
transform = Transform3D(1, 0, 0, 0, 1, 0, 0, 0, 1, -41, 0, 61)

[node name="Barrel4" parent="Setting/Props" unique_id=1376054110 instance=ExtResource("4_vef74")]
transform = Transform3D(1.4647289e-08, 1, 2.787397e-08, -0.2588191, -1.4901161e-08, -0.96592575, -0.96592593, 0, 0.2588191, -68, -1, 59)

[node name="Barrel5" parent="Setting/Props" unique_id=239789013 instance=ExtResource("4_vef74")]
transform = Transform3D(-4.371139e-08, -1, 0, 1, -4.371139e-08, 0, 0, 0, 1, -47, -1, 60)

[node name="Crates" parent="Setting/Props" unique_id=1515150161 instance=ExtResource("8_f1jbl")]
transform = Transform3D(1, 0, 0, 0, 1, 0, 0, 0, 1, -69, -2, 101)

[node name="Crates2" parent="Setting/Props" unique_id=1838753680 instance=ExtResource("8_f1jbl")]
transform = Transform3D(1, 0, 0, 0, 1, 0, 0, 0, 1, -36, -2, 102)

[node name="Banner" parent="Setting/Props" unique_id=1328661 instance=ExtResource("9_vaj68")]
transform = Transform3D(-4.371139e-08, 0, -1, 0, 1, 0, 1, 0, -4.371139e-08, 58.727577, 3, 1)

[node name="Banner2" parent="Setting/Props" unique_id=1062101143 instance=ExtResource("9_vaj68")]
transform = Transform3D(-4.371139e-08, 0, -1, 0, 1, 0, 1, 0, -4.371139e-08, 58.727577, 3, 11.078457)

[node name="Food plate" parent="Setting/Props" unique_id=1531931353 instance=ExtResource("10_i2p71")]
transform = Transform3D(1, 0, 0, 0, 1, 0, 0, 0, 1, -44, -1, 75)

[node name="Food plate2" parent="Setting/Props" unique_id=235632088 instance=ExtResource("10_i2p71")]
transform = Transform3D(1, 0, 0, 0, 1, 0, 0, 0, 1, -53, -1, 71)

[node name="Food plate3" parent="Setting/Props" unique_id=948357176 instance=ExtResource("10_i2p71")]
transform = Transform3D(1, 0, 0, 0, 1, 0, 0, 0, 1, -63, -1, 78)

[node name="Crates3" parent="Setting/Props" unique_id=1845321659 instance=ExtResource("8_f1jbl")]
transform = Transform3D(1, 0, 0, 0, 1, 0, 0, 0, 1, -70.00001, -2, 64)

[node name="Outside ground" type="Node3D" parent="Setting" unique_id=1820377736]

[node name="Stone Floor2" parent="Setting/Outside ground" unique_id=1311966948 instance=ExtResource("3_fc0e3")]
transform = Transform3D(-0.87549824, 0, 0.48322135, 0, 1, 0, -0.48322135, 0, -0.87549824, -18.605629, -2, 24.939102)

[node name="Stone Floor3" parent="Setting/Outside ground" unique_id=9718154 instance=ExtResource("3_fc0e3")]
transform = Transform3D(-0.87549824, 0, 0.48322135, 0, 1, 0, -0.48322135, 0, -0.87549824, -22.10762, -2, 23.006218)

[node name="Stone Floor4" parent="Setting/Outside ground" unique_id=650486914 instance=ExtResource("3_fc0e3")]
transform = Transform3D(-0.87549824, 0, 0.48322135, 0, 1, 0, -0.48322135, 0, -0.87549824, -25.609615, -2, 21.073332)

[node name="Stone Floor5" parent="Setting/Outside ground" unique_id=1763077213 instance=ExtResource("3_fc0e3")]
transform = Transform3D(-0.87549824, 0, 0.48322135, 0, 1, 0, -0.48322135, 0, -0.87549824, -11.601643, -2, 28.804874)

[node name="Stone Floor6" parent="Setting/Outside ground" unique_id=982486785 instance=ExtResource("3_fc0e3")]
transform = Transform3D(-0.87549824, 0, 0.48322135, 0, 1, 0, -0.48322135, 0, -0.87549824, -8.099649, -2, 30.737759)

[node name="Stone Floor7" parent="Setting/Outside ground" unique_id=727352440 instance=ExtResource("3_fc0e3")]
transform = Transform3D(-0.87549824, 0, 0.48322135, 0, 1, 0, -0.48322135, 0, -0.87549824, -4.597655, -2, 32.670643)

[node name="Stone Floor8" parent="Setting/Outside ground" unique_id=418315995 instance=ExtResource("3_fc0e3")]
transform = Transform3D(-0.87549824, 0, 0.48322135, 0, 1, 0, -0.48322135, 0, -0.87549824, -1.095664, -2, 34.603527)

[node name="Stone Floor9" parent="Setting/Outside ground" unique_id=84660757 instance=ExtResource("3_fc0e3")]
transform = Transform3D(-0.87549824, 0, 0.48322135, 0, 1, 0, -0.48322135, 0, -0.87549824, 2.406333, -2, 36.536415)

[node name="Stone Floor11" parent="Setting/Outside ground" unique_id=940948700 instance=ExtResource("3_fc0e3")]
transform = Transform3D(-0.87549824, 0, 0.48322135, 0, 1, 0, -0.48322135, 0, -0.87549824, 9.4103155, -2, 40.402184)

[node name="Stone Floor12" parent="Setting/Outside ground" unique_id=1035808542 instance=ExtResource("3_fc0e3")]
transform = Transform3D(-0.87549824, 0, 0.48322135, 0, 1, 0, -0.48322135, 0, -0.87549824, 12.912305, -2, 42.335075)

[node name="Stone Floor14" parent="Setting/Outside ground" unique_id=1147007409 instance=ExtResource("3_fc0e3")]
transform = Transform3D(-0.87549824, 0, 0.48322135, 0, 1, 0, -0.48322135, 0, -0.87549824, 19.916294, -2, 46.200836)

[node name="Stone Floor15" parent="Setting/Outside ground" unique_id=1338844915 instance=ExtResource("3_fc0e3")]
transform = Transform3D(-0.87549824, 0, 0.48322135, 0, 1, 0, -0.48322135, 0, -0.87549824, 23.418282, -2, 48.133728)

[node name="Stone Floor16" parent="Setting/Outside ground" unique_id=90839019 instance=ExtResource("3_fc0e3")]
transform = Transform3D(-0.87549824, 0, 0.48322135, 0, 1, 0, -0.48322135, 0, -0.87549824, 26.920284, -2, 50.066612)

[node name="Stone Floor17" parent="Setting/Outside ground" unique_id=1002810087 instance=ExtResource("3_fc0e3")]
transform = Transform3D(-0.87549824, 0, 0.48322135, 0, 1, 0, -0.48322135, 0, -0.87549824, 30.422272, -2, 51.999496)

[node name="Stone Floor18" parent="Setting/Outside ground" unique_id=239466198 instance=ExtResource("3_fc0e3")]
transform = Transform3D(-0.87549824, 0, 0.48322135, 0, 1, 0, -0.48322135, 0, -0.87549824, 33.924267, -2, 53.93238)

[node name="Stone Floor19" parent="Setting/Outside ground" unique_id=1146248881 instance=ExtResource("3_fc0e3")]
transform = Transform3D(-0.87549824, 0, 0.48322135, 0, 1, 0, -0.48322135, 0, -0.87549824, 37.42626, -2, 55.865265)

[node name="Stone Floor20" parent="Setting/Outside ground" unique_id=46039171 instance=ExtResource("3_fc0e3")]
transform = Transform3D(-0.87549824, 0, 0.48322135, 0, 1, 0, -0.48322135, 0, -0.87549824, 40.928257, -2, 57.798157)

[node name="Stone Floor21" parent="Setting/Outside ground" unique_id=1007473456 instance=ExtResource("3_fc0e3")]
transform = Transform3D(-0.87549824, 0, 0.48322135, 0, 1, 0, -0.48322135, 0, -0.87549824, 44.43026, -2, 59.731056)

[node name="Stone Floor22" parent="Setting/Outside ground" unique_id=537923469 instance=ExtResource("3_fc0e3")]
transform = Transform3D(-0.87549824, 0, 0.48322135, 0, 1, 0, -0.48322135, 0, -0.87549824, 47.932243, -2, 61.663925)

[node name="Stone Floor23" parent="Setting/Outside ground" unique_id=397773701 instance=ExtResource("3_fc0e3")]
transform = Transform3D(-0.87549824, 0, 0.48322135, 0, 1, 0, -0.48322135, 0, -0.87549824, 51.43423, -2, 63.596817)

[node name="Stone Floor24" parent="Setting/Outside ground" unique_id=2086033643 instance=ExtResource("3_fc0e3")]
transform = Transform3D(-0.87549824, 0, 0.48322135, 0, 1, 0, -0.48322135, 0, -0.87549824, 54.93624, -2, 65.52973)

[node name="Stone Floor25" parent="Setting/Outside ground" unique_id=414858781 instance=ExtResource("3_fc0e3")]
transform = Transform3D(-0.87549824, 0, 0.48322135, 0, 1, 0, -0.48322135, 0, -0.87549824, 58.43824, -2, 67.46259)

[node name="Stone Floor26" parent="Setting/Outside ground" unique_id=311549685 instance=ExtResource("3_fc0e3")]
transform = Transform3D(-0.87549824, 0, 0.48322135, 0, 1, 0, -0.48322135, 0, -0.87549824, -29.111607, -2, 19.140446)

[node name="Stone Floor27" parent="Setting/Outside ground" unique_id=1477661093 instance=ExtResource("3_fc0e3")]
transform = Transform3D(-0.87549824, 0, 0.48322135, 0, 1, 0, -0.48322135, 0, -0.87549824, -32.613598, -2, 17.207561)

[node name="Stone Floor28" parent="Setting/Outside ground" unique_id=755263141 instance=ExtResource("3_fc0e3")]
transform = Transform3D(-0.87549824, 0, 0.48322135, 0, 1, 0, -0.48322135, 0, -0.87549824, -36.11561, -2, 15.274678)

[node name="Stone Floor29" parent="Setting/Outside ground" unique_id=305978510 instance=ExtResource("3_fc0e3")]
transform = Transform3D(-0.87549824, 0, 0.48322135, 0, 1, 0, -0.48322135, 0, -0.87549824, -39.617584, -2, 13.34179)

[node name="Stone Floor30" parent="Setting/Outside ground" unique_id=21338442 instance=ExtResource("3_fc0e3")]
transform = Transform3D(-0.87549824, 0, 0.48322135, 0, 1, 0, -0.48322135, 0, -0.87549824, -43.119595, -2, 11.40891)

[node name="Stone Floor31" parent="Setting/Outside ground" unique_id=1618348140 instance=ExtResource("3_fc0e3")]
transform = Transform3D(-0.87549824, 0, 0.48322135, 0, 1, 0, -0.48322135, 0, -0.87549824, -46.62158, -2, 9.476025)

[node name="Stone Floor32" parent="Setting/Outside ground" unique_id=1607318330 instance=ExtResource("3_fc0e3")]
transform = Transform3D(-0.87549824, 0, 0.48322135, 0, 1, 0, -0.48322135, 0, -0.87549824, -50.123585, -2, 7.5431376)

[node name="Stone Floor33" parent="Setting/Outside ground" unique_id=43411695 instance=ExtResource("3_fc0e3")]
transform = Transform3D(-0.87549824, 0, 0.48322135, 0, 1, 0, -0.48322135, 0, -0.87549824, -53.625576, -2, 5.610238)

[node name="Stone Floor34" parent="Setting/Outside ground" unique_id=1085986822 instance=ExtResource("3_fc0e3")]
transform = Transform3D(-0.87549824, 0, 0.48322135, 0, 1, 0, -0.48322135, 0, -0.87549824, -57.127563, -2, 3.6773663)

[node name="Stone Floor35" parent="Setting/Outside ground" unique_id=198667056 instance=ExtResource("3_fc0e3")]
transform = Transform3D(-0.87549824, 0, 0.48322135, 0, 1, 0, -0.48322135, 0, -0.87549824, -60.62956, -2, 1.7444677)

[node name="Stone Floor36" parent="Setting/Outside ground" unique_id=1580509711 instance=ExtResource("3_fc0e3")]
transform = Transform3D(-0.87549824, 0, 0.48322135, 0, 1, 0, -0.48322135, 0, -0.87549824, -64.13154, -2, -0.18840885)

[node name="Stone Floor37" parent="Setting/Outside ground" unique_id=1062185341 instance=ExtResource("3_fc0e3")]
transform = Transform3D(-0.87549824, 0, 0.48322135, 0, 1, 0, -0.48322135, 0, -0.87549824, -13.170749, -2, 23.369999)

[node name="Stone Floor38" parent="Setting/Outside ground" unique_id=275474942 instance=ExtResource("3_fc0e3")]
transform = Transform3D(-0.87549824, 0, 0.48322135, 0, 1, 0, -0.48322135, 0, -0.87549824, -16.67274, -2, 21.437109)

[node name="Stone Floor39" parent="Setting/Outside ground" unique_id=28626926 instance=ExtResource("3_fc0e3")]
transform = Transform3D(-0.87549824, 0, 0.48322135, 0, 1, 0, -0.48322135, 0, -0.87549824, -20.174736, -2, 19.504223)

[node name="Stone Floor40" parent="Setting/Outside ground" unique_id=2004122118 instance=ExtResource("3_fc0e3")]
transform = Transform3D(-0.87549824, 0, 0.48322135, 0, 1, 0, -0.48322135, 0, -0.87549824, -23.676727, -2, 17.571339)

[node name="Stone Floor41" parent="Setting/Outside ground" unique_id=1568445929 instance=ExtResource("3_fc0e3")]
transform = Transform3D(-0.87549824, 0, 0.48322135, 0, 1, 0, -0.48322135, 0, -0.87549824, -9.6687565, -2, 25.30288)

[node name="Stone Floor42" parent="Setting/Outside ground" unique_id=1503943852 instance=ExtResource("3_fc0e3")]
transform = Transform3D(-0.87549824, 0, 0.48322135, 0, 1, 0, -0.48322135, 0, -0.87549824, -6.1667633, -2, 27.235765)

[node name="Stone Floor43" parent="Setting/Outside ground" unique_id=1640915496 instance=ExtResource("3_fc0e3")]
transform = Transform3D(-0.87549824, 0, 0.48322135, 0, 1, 0, -0.48322135, 0, -0.87549824, -2.6647701, -2, 29.168652)

[node name="Stone Floor44" parent="Setting/Outside ground" unique_id=563172842 instance=ExtResource("3_fc0e3")]
transform = Transform3D(-0.87549824, 0, 0.48322135, 0, 1, 0, -0.48322135, 0, -0.87549824, 0.8372221, -2, 31.101536)

[node name="Stone Floor45" parent="Setting/Outside ground" unique_id=2088440494 instance=ExtResource("3_fc0e3")]
transform = Transform3D(-0.87549824, 0, 0.48322135, 0, 1, 0, -0.48322135, 0, -0.87549824, 4.339217, -2, 33.03442)

[node name="Stone Floor46" parent="Setting/Outside ground" unique_id=1953625435 instance=ExtResource("3_fc0e3")]
transform = Transform3D(-0.87549824, 0, 0.48322135, 0, 1, 0, -0.48322135, 0, -0.87549824, 7.8412046, -2, 34.96731)

[node name="Stone Floor47" parent="Setting/Outside ground" unique_id=437895953 instance=ExtResource("3_fc0e3")]
transform = Transform3D(-0.87549824, 0, 0.48322135, 0, 1, 0, -0.48322135, 0, -0.87549824, 11.343202, -2, 36.900192)

[node name="Stone Floor48" parent="Setting/Outside ground" unique_id=1702209593 instance=ExtResource("3_fc0e3")]
transform = Transform3D(-0.87549824, 0, 0.48322135, 0, 1, 0, -0.48322135, 0, -0.87549824, 14.845193, -2, 38.833076)

[node name="Stone Floor49" parent="Setting/Outside ground" unique_id=1040133051 instance=ExtResource("3_fc0e3")]
transform = Transform3D(-0.87549824, 0, 0.48322135, 0, 1, 0, -0.48322135, 0, -0.87549824, 18.347187, -2, 40.765965)

[node name="Stone Floor50" parent="Setting/Outside ground" unique_id=131384335 instance=ExtResource("3_fc0e3")]
transform = Transform3D(-0.87549824, 0, 0.48322135, 0, 1, 0, -0.48322135, 0, -0.87549824, 21.849178, -2, 42.69885)

[node name="Stone Floor51" parent="Setting/Outside ground" unique_id=545341962 instance=ExtResource("3_fc0e3")]
transform = Transform3D(-0.87549824, 0, 0.48322135, 0, 1, 0, -0.48322135, 0, -0.87549824, 25.351166, -2, 44.631737)

[node name="Stone Floor52" parent="Setting/Outside ground" unique_id=1825840255 instance=ExtResource("3_fc0e3")]
transform = Transform3D(-0.87549824, 0, 0.48322135, 0, 1, 0, -0.48322135, 0, -0.87549824, 28.853165, -2, 46.56462)

[node name="Stone Floor53" parent="Setting/Outside ground" unique_id=783936931 instance=ExtResource("3_fc0e3")]
transform = Transform3D(-0.87549824, 0, 0.48322135, 0, 1, 0, -0.48322135, 0, -0.87549824, 32.355152, -2, 48.497505)

[node name="Stone Floor54" parent="Setting/Outside ground" unique_id=1803253567 instance=ExtResource("3_fc0e3")]
transform = Transform3D(-0.87549824, 0, 0.48322135, 0, 1, 0, -0.48322135, 0, -0.87549824, 35.85715, -2, 50.43039)

[node name="Stone Floor55" parent="Setting/Outside ground" unique_id=411998914 instance=ExtResource("3_fc0e3")]
transform = Transform3D(-0.87549824, 0, 0.48322135, 0, 1, 0, -0.48322135, 0, -0.87549824, 39.359135, -2, 52.363274)

[node name="Stone Floor56" parent="Setting/Outside ground" unique_id=813175649 instance=ExtResource("3_fc0e3")]
transform = Transform3D(-0.87549824, 0, 0.48322135, 0, 1, 0, -0.48322135, 0, -0.87549824, 42.861137, -2, 54.296158)

[node name="Stone Floor57" parent="Setting/Outside ground" unique_id=1852515835 instance=ExtResource("3_fc0e3")]
transform = Transform3D(-0.87549824, 0, 0.48322135, 0, 1, 0, -0.48322135, 0, -0.87549824, 46.363148, -2, 56.229057)

[node name="Stone Floor58" parent="Setting/Outside ground" unique_id=1307587283 instance=ExtResource("3_fc0e3")]
transform = Transform3D(-0.87549824, 0, 0.48322135, 0, 1, 0, -0.48322135, 0, -0.87549824, 49.865128, -2, 58.161934)

[node name="Stone Floor59" parent="Setting/Outside ground" unique_id=1240543799 instance=ExtResource("3_fc0e3")]
transform = Transform3D(-0.87549824, 0, 0.48322135, 0, 1, 0, -0.48322135, 0, -0.87549824, 53.367115, -2, 60.094826)

[node name="Stone Floor60" parent="Setting/Outside ground" unique_id=592074622 instance=ExtResource("3_fc0e3")]
transform = Transform3D(-0.87549824, 0, 0.48322135, 0, 1, 0, -0.48322135, 0, -0.87549824, 56.869118, -2, 62.02771)

[node name="Stone Floor61" parent="Setting/Outside ground" unique_id=1993946742 instance=ExtResource("3_fc0e3")]
transform = Transform3D(-0.87549824, 0, 0.48322135, 0, 1, 0, -0.48322135, 0, -0.87549824, 60.371124, -2, 63.9606)

[node name="Stone Floor62" parent="Setting/Outside ground" unique_id=1673110656 instance=ExtResource("3_fc0e3")]
transform = Transform3D(-0.87549824, 0, 0.48322135, 0, 1, 0, -0.48322135, 0, -0.87549824, -27.178722, -2, 15.638452)

[node name="Stone Floor63" parent="Setting/Outside ground" unique_id=2100825996 instance=ExtResource("3_fc0e3")]
transform = Transform3D(-0.87549824, 0, 0.48322135, 0, 1, 0, -0.48322135, 0, -0.87549824, -30.680714, -2, 13.705567)

[node name="Stone Floor64" parent="Setting/Outside ground" unique_id=622275559 instance=ExtResource("3_fc0e3")]
transform = Transform3D(-0.87549824, 0, 0.48322135, 0, 1, 0, -0.48322135, 0, -0.87549824, -34.18272, -2, 11.772682)

[node name="Stone Floor65" parent="Setting/Outside ground" unique_id=1357811339 instance=ExtResource("3_fc0e3")]
transform = Transform3D(-0.87549824, 0, 0.48322135, 0, 1, 0, -0.48322135, 0, -0.87549824, -37.684708, -2, 9.839802)

[node name="Stone Floor66" parent="Setting/Outside ground" unique_id=1935523232 instance=ExtResource("3_fc0e3")]
transform = Transform3D(-0.87549824, 0, 0.48322135, 0, 1, 0, -0.48322135, 0, -0.87549824, -41.186703, -2, 7.906908)

[node name="Stone Floor67" parent="Setting/Outside ground" unique_id=1555301991 instance=ExtResource("3_fc0e3")]
transform = Transform3D(-0.87549824, 0, 0.48322135, 0, 1, 0, -0.48322135, 0, -0.87549824, -44.688705, -2, 5.9740257)

[node name="Stone Floor68" parent="Setting/Outside ground" unique_id=1913662549 instance=ExtResource("3_fc0e3")]
transform = Transform3D(-0.87549824, 0, 0.48322135, 0, 1, 0, -0.48322135, 0, -0.87549824, -48.19069, -2, 4.0411406)

[node name="Stone Floor69" parent="Setting/Outside ground" unique_id=43746394 instance=ExtResource("3_fc0e3")]
transform = Transform3D(-0.87549824, 0, 0.48322135, 0, 1, 0, -0.48322135, 0, -0.87549824, -51.692696, -2, 2.1082535)

[node name="Stone Floor70" parent="Setting/Outside ground" unique_id=1413043730 instance=ExtResource("3_fc0e3")]
transform = Transform3D(-0.87549824, 0, 0.48322135, 0, 1, 0, -0.48322135, 0, -0.87549824, -55.19467, -2, 0.17537022)

[node name="Stone Floor71" parent="Setting/Outside ground" unique_id=1137923005 instance=ExtResource("3_fc0e3")]
transform = Transform3D(-0.87549824, 0, 0.48322135, 0, 1, 0, -0.48322135, 0, -0.87549824, -58.69668, -2, -1.7575169)

[node name="Stone Floor72" parent="Setting/Outside ground" unique_id=1117172510 instance=ExtResource("3_fc0e3")]
transform = Transform3D(-0.87549824, 0, 0.48322135, 0, 1, 0, -0.48322135, 0, -0.87549824, -62.198654, -2, -3.690402)

[node name="Stone Floor73" parent="Setting/Outside ground" unique_id=601645651 instance=ExtResource("3_fc0e3")]
transform = Transform3D(-0.87549824, 0, 0.48322135, 0, 1, 0, -0.48322135, 0, -0.87549824, -11.237864, -2, 19.868004)

[node name="Stone Floor74" parent="Setting/Outside ground" unique_id=435774842 instance=ExtResource("3_fc0e3")]
transform = Transform3D(-0.87549824, 0, 0.48322135, 0, 1, 0, -0.48322135, 0, -0.87549824, -14.739857, -2, 17.935116)

[node name="Stone Floor75" parent="Setting/Outside ground" unique_id=515793078 instance=ExtResource("3_fc0e3")]
transform = Transform3D(-0.87549824, 0, 0.48322135, 0, 1, 0, -0.48322135, 0, -0.87549824, -18.241852, -2, 16.002237)

[node name="Stone Floor76" parent="Setting/Outside ground" unique_id=480129503 instance=ExtResource("3_fc0e3")]
transform = Transform3D(-0.87549824, 0, 0.48322135, 0, 1, 0, -0.48322135, 0, -0.87549824, -21.743843, -2, 14.069345)

[node name="Stone Floor77" parent="Setting/Outside ground" unique_id=868919381 instance=ExtResource("3_fc0e3")]
transform = Transform3D(-0.87549824, 0, 0.48322135, 0, 1, 0, -0.48322135, 0, -0.87549824, -7.7358713, -2, 21.800888)

[node name="Stone Floor78" parent="Setting/Outside ground" unique_id=988432398 instance=ExtResource("3_fc0e3")]
transform = Transform3D(-0.87549824, 0, 0.48322135, 0, 1, 0, -0.48322135, 0, -0.87549824, -4.233878, -2, 23.733772)

[node name="Stone Floor79" parent="Setting/Outside ground" unique_id=535218291 instance=ExtResource("3_fc0e3")]
transform = Transform3D(-0.87549824, 0, 0.48322135, 0, 1, 0, -0.48322135, 0, -0.87549824, -0.73188496, -2, 25.666656)

[node name="Stone Floor80" parent="Setting/Outside ground" unique_id=739040792 instance=ExtResource("3_fc0e3")]
transform = Transform3D(-0.87549824, 0, 0.48322135, 0, 1, 0, -0.48322135, 0, -0.87549824, 2.7701063, -2, 27.599545)

[node name="Stone Floor81" parent="Setting/Outside ground" unique_id=1647652114 instance=ExtResource("3_fc0e3")]
transform = Transform3D(-0.87549824, 0, 0.48322135, 0, 1, 0, -0.48322135, 0, -0.87549824, 6.2721014, -2, 29.532429)

[node name="Stone Floor82" parent="Setting/Outside ground" unique_id=152266144 instance=ExtResource("3_fc0e3")]
transform = Transform3D(-0.87549824, 0, 0.48322135, 0, 1, 0, -0.48322135, 0, -0.87549824, 9.774093, -2, 31.465313)

[node name="Stone Floor83" parent="Setting/Outside ground" unique_id=1584149376 instance=ExtResource("3_fc0e3")]
transform = Transform3D(-0.87549824, 0, 0.48322135, 0, 1, 0, -0.48322135, 0, -0.87549824, 13.276084, -2, 33.3982)

[node name="Stone Floor84" parent="Setting/Outside ground" unique_id=656655143 instance=ExtResource("3_fc0e3")]
transform = Transform3D(-0.87549824, 0, 0.48322135, 0, 1, 0, -0.48322135, 0, -0.87549824, 16.77808, -2, 35.331085)

[node name="Stone Floor85" parent="Setting/Outside ground" unique_id=2105430792 instance=ExtResource("3_fc0e3")]
transform = Transform3D(-0.87549824, 0, 0.48322135, 0, 1, 0, -0.48322135, 0, -0.87549824, 20.280075, -2, 37.26397)

[node name="Stone Floor86" parent="Setting/Outside ground" unique_id=1495238778 instance=ExtResource("3_fc0e3")]
transform = Transform3D(-0.87549824, 0, 0.48322135, 0, 1, 0, -0.48322135, 0, -0.87549824, 23.782066, -2, 39.196854)

[node name="Stone Floor87" parent="Setting/Outside ground" unique_id=751007252 instance=ExtResource("3_fc0e3")]
transform = Transform3D(-0.87549824, 0, 0.48322135, 0, 1, 0, -0.48322135, 0, -0.87549824, 27.284054, -2, 41.12974)

[node name="Stone Floor88" parent="Setting/Outside ground" unique_id=1413552155 instance=ExtResource("3_fc0e3")]
transform = Transform3D(-0.87549824, 0, 0.48322135, 0, 1, 0, -0.48322135, 0, -0.87549824, 30.786049, -2, 43.062626)

[node name="Stone Floor89" parent="Setting/Outside ground" unique_id=2045238348 instance=ExtResource("3_fc0e3")]
transform = Transform3D(-0.87549824, 0, 0.48322135, 0, 1, 0, -0.48322135, 0, -0.87549824, 34.288036, -2, 44.99551)

[node name="Stone Floor90" parent="Setting/Outside ground" unique_id=529732968 instance=ExtResource("3_fc0e3")]
transform = Transform3D(-0.87549824, 0, 0.48322135, 0, 1, 0, -0.48322135, 0, -0.87549824, 37.79004, -2, 46.928402)

[node name="Stone Floor91" parent="Setting/Outside ground" unique_id=1098519219 instance=ExtResource("3_fc0e3")]
transform = Transform3D(-0.87549824, 0, 0.48322135, 0, 1, 0, -0.48322135, 0, -0.87549824, 41.29203, -2, 48.861282)

