[gd_scene format=3 uid="uid://rv3t2jr3f8h6"]

[ext_resource type="PackedScene" uid="uid://bs72ogkvdd7d6" path="res://Addons/proto_controller/proto_controller.tscn" id="1_80nbo"]
[ext_resource type="Script" uid="uid://bum51ikm85jqf" path="res://Addons/proto_controller/proto_controller.gd" id="2_e2o6t"]
[ext_resource type="PackedScene" uid="uid://cfibg6b2fkugj" path="res://Scene/chest.tscn" id="3_ryrav"]
[ext_resource type="PackedScene" uid="uid://d3hsv1mi0xriy" path="res://Scene/barrel.tscn" id="4_eow3j"]
[ext_resource type="PackedScene" uid="uid://x4twh3nc1nnk" path="res://Scene/wall.tscn" id="4_j5wjh"]
[ext_resource type="PackedScene" uid="uid://t50cksp0sru4" path="res://Scene/wood floor.tscn" id="6_vef74"]
[ext_resource type="PackedScene" uid="uid://yrn7pajwboka" path="res://Scene/stone_floor.tscn" id="7_vef74"]

[node name="Game" type="Node3D" unique_id=1413464218]

[node name="ProtoController" parent="." unique_id=423990970 instance=ExtResource("1_80nbo")]
transform = Transform3D(-0.99999994, 0, 1.1920929e-07, 0, 1, 0, -1.1920929e-07, 0, -0.99999994, -1, 0, 17)
script = ExtResource("2_e2o6t")
can_sprint = true

[node name="Setting" type="Node3D" parent="." unique_id=1581947884]
transform = Transform3D(-0.8799804, 0, -0.47501007, 0, 1, 0, 0.47501007, 0, -0.8799804, -1.2380877, 0, 16.824776)

[node name="Center Piece" type="CSGSphere3D" parent="Setting" unique_id=2117195562]
transform = Transform3D(-0.97132987, 0.013796365, 0.23733516, 0.011878874, 0.9998841, -0.009507489, -0.23743887, -0.006415634, -0.9713812, 18.40973, 4.495744, -36.84699)
radius = 4.0

[node name="CSGTorus3D3" type="CSGTorus3D" parent="Setting/Center Piece" unique_id=1430711676]
transform = Transform3D(1, -4.656613e-10, 1.4901161e-08, 2.3283064e-09, 1, 0, -1.4901161e-08, 1.8626451e-09, 1, 0.010763168, 3.906003, -0.008609772)
inner_radius = 1.3099447
outer_radius = 1.826246

[node name="CSGTorus3D" type="CSGTorus3D" parent="Setting/Center Piece" unique_id=2013277005]
transform = Transform3D(0.8745725, -0.4837886, -0.03274159, 0.48378855, 0.86602545, 0.12628803, -0.032741606, -0.12628801, 0.99145305, -0.008341789, -0.26556826, 0.006679535)
inner_radius = 4.9714274
outer_radius = 5.867351

[node name="CSGTorus3D2" type="CSGTorus3D" parent="Setting/Center Piece" unique_id=954586174]
transform = Transform3D(0.87457234, 0.48378852, -0.03274162, -0.48378855, 0.86602545, -0.12628803, -0.032741606, 0.126288, 0.9914531, -0.008342743, -0.7022171, 0.006679535)
inner_radius = 4.3960633
outer_radius = 5.2442183

[node name="CSGCylinder3D" type="CSGCylinder3D" parent="Setting/Center Piece" unique_id=1850753676]
transform = Transform3D(1, 0, 1.4901161e-08, 2.0954758e-08, 1, 0, -1.4901161e-08, 1.4901161e-08, 1, -0.008342743, -2.715401, 0.006679535)
radius = 1.0
height = 5.973633

[node name="CSGBox3D3" type="CSGBox3D" parent="Setting/Center Piece" unique_id=495849569]
transform = Transform3D(0.9675771, -2.3283064e-10, -0.25257602, 7.0770056e-10, 1, -9.313226e-10, 0.252576, 9.313226e-10, 0.9675771, -0.034831047, -5.856031, 0.35172272)
size = Vector3(7.7539063, 1, 8.451355)

[node name="Stairs" type="CSGBox3D" parent="Setting" unique_id=1224146911]
transform = Transform3D(-0.46060267, 6.1465943e-10, -0.8876065, -9.313226e-10, 1, 2.3283064e-10, 0.8876065, 3.3179087e-10, -0.46060267, 49.0058, -1.2897115, -98.053154)
use_collision = true
size = Vector3(8.026611, 1, 23.522356)

[node name="CSGBox3D" type="CSGBox3D" parent="Setting/Stairs" unique_id=2117553247]
transform = Transform3D(0.94019634, 0.33753514, -0.04582961, -0.33764762, 0.9412565, 0.005503491, 0.04499506, 0.010299493, 0.9989336, -62.248108, 21.056276, -0.7346754)
size = Vector3(123, 0.23388672, 8.357971)

[node name="CSGBox3D20" type="CSGBox3D" parent="Setting/Stairs" unique_id=1816488540]
transform = Transform3D(0.9996893, 0.010208605, -0.023566283, -0.010383006, 0.99991953, -0.0072914585, 0.02349103, 0.007533525, 0.99970037, -185.06638, 41.6338, 13.686171)
size = Vector3(130.36795, 1, 363.58926)

[node name="Floor And Walls" type="CSGBox3D" parent="Setting" unique_id=1367289966]
transform = Transform3D(0.48567998, 0, 0.87413764, 0, 1, 0, -0.87413764, 0, 0.48567998, 73.06389, -1.4314079, -158.79677)
use_collision = true
size = Vector3(371.9723, 0.001, 374)

[node name="CSGBox3D3" type="CSGBox3D" parent="Setting/Floor And Walls" unique_id=2041020787]
transform = Transform3D(0.9986503, 0.05744926, -0.001634988, -0.057450905, 0.9985085, -0.0009656623, 0.0015836563, 0.0010522848, 1.0000534, 6.347412, 71.55643, 195.20198)
size = Vector3(379.52393, 171.5669, 9)

[node name="CSGBox3D2" type="CSGBox3D" parent="Setting/Floor And Walls" unique_id=1170903180]
transform = Transform3D(-0.999123, -0.029715685, -0.034277484, 0.0277513, -0.99810034, 0.056449927, -0.035886656, 0.055431742, 0.9978445, 0.3748474, 71.78136, -196.53107)
size = Vector3(377.70422, 159, 5)

[node name="CSGBox3D" type="CSGBox3D" parent="Setting/Floor And Walls" unique_id=495852706]
transform = Transform3D(-0.06972734, 0.99748176, 0.0141000375, -0.9974659, -0.069925696, 0.014075779, 0.015026499, -0.013082906, 0.9998124, 191.99173, 60.33647, -3.3756876)
size = Vector3(143.18814, 0.001, 390.57455)

[node name="CSGCylinder3D" type="CSGCylinder3D" parent="Setting/Floor And Walls" unique_id=1694129507]
transform = Transform3D(1, 0, 0, 0, 1, 0, 0, 0, 1, -141.23221, 13.186884, -195.5149)
radius = 3.6416016
height = 26.978397

[node name="CSGCylinder3D2" type="CSGCylinder3D" parent="Setting/Floor And Walls" unique_id=835389375]
transform = Transform3D(1, 0, 0, 0, 1, 0, 0, 0, 1, -82.302826, 16.382925, -193.66266)
radius = 3.6416016
height = 32.870487

[node name="CSGCylinder3D3" type="CSGCylinder3D" parent="Setting/Floor And Walls" unique_id=314207896]
transform = Transform3D(1, 0, 0, 0, 1, 0, 0, 0, 1, -33.620026, 13.718622, -192.82372)
radius = 3.6416016
height = 28.041874

[node name="CSGCylinder3D4" type="CSGCylinder3D" parent="Setting/Floor And Walls" unique_id=1164064303]
transform = Transform3D(1, 0, 0, 0, 1, 0, 0, 0, 1, 17.619278, 10.92326, -192.44722)
operation = 2
radius = 10.571289
height = 28.41037

[node name="CSGCylinder3D5" type="CSGCylinder3D" parent="Setting/Floor And Walls" unique_id=84882116]
transform = Transform3D(1.0000027, 0.0021440992, -0.00069351494, -0.0021459428, 0.99999404, -0.00271065, 0.00068766903, 0.00271213, 0.99999607, -132.7421, 24.894344, 186.9165)
radius = 3.6416016
height = 50.39332

[node name="CSGCylinder3D6" type="CSGCylinder3D" parent="Setting/Floor And Walls" unique_id=1978083308]
transform = Transform3D(1, 0, 0, 0, 1, 0, 0, 0, 1, -80.87409, 12.515163, 187.38306)
operation = 2
radius = 15.590332
height = 32.62738

[node name="CSGCylinder3D7" type="CSGCylinder3D" parent="Setting/Floor And Walls" unique_id=789819529]
transform = Transform3D(1, 0, 0, 0, 1, 0, 0, 0, 1, -31.38826, 24.894344, 189.00462)
radius = 3.6416016
height = 50.39332

[node name="CSGCylinder3D8" type="CSGCylinder3D" parent="Setting/Floor And Walls" unique_id=1825889553]
transform = Transform3D(1, 0, 0, 0, 1, 0, 0, 0, 1, 34.019073, 24.894344, 190.23141)
radius = 3.6416016
height = 50.39332

[node name="Floor" type="CSGBox3D" parent="Setting/Floor And Walls" unique_id=554479793]
transform = Transform3D(0.99984974, -0.012164672, 0.012355898, -0.012356592, -4.371139e-08, 0.9999237, -0.012163743, -0.99992603, -0.00015035919, 15.052765, -2.94482, 86.05536)
size = Vector3(401, 922, 0.001)

[node name="Celing" type="CSGBox3D" parent="Setting/Floor And Walls" unique_id=1881538076]
transform = Transform3D(0.09744971, -0.99519265, 0.01207123, 0.994861, 0.09774112, 0.02641213, -0.027463429, 0.009435177, 0.9995958, 1.9188538, 143.85101, -4.0672216)
size = Vector3(0.001, 382.71442, 406.88965)

[node name="CSGBox3D4" type="CSGBox3D" parent="Setting/Floor And Walls" unique_id=351857731]
transform = Transform3D(0.9997567, 0, 0.022059172, 0, 1, 0, -0.022059172, 0, 0.9997567, -183.99886, 84.09471, -9.757915)
size = Vector3(1, 169.18942, 429.4652)

[node name="CSGBox3D" type="CSGBox3D" parent="Setting" unique_id=1804545452]
transform = Transform3D(1, 0, 0, 0, 1, 0, 0, 0, 1, 247.06535, 52, -190.93779)
size = Vector3(25, 21, 19)

[node name="CSGBox3D2" type="CSGBox3D" parent="Setting" unique_id=1418421590]
transform = Transform3D(1, 0, 0, 0, 1, 0, 0, 0, 1, 6.3505306, 49.5, -293.80624)
size = Vector3(17, 16, 22)

[node name="Environment" type="Node3D" parent="Setting" unique_id=1025334367]
transform = Transform3D(0.48567998, 0, 0.87413764, 0, 1, 0, -0.87413764, 0, 0.48567998, -64.15757, -1.4314117, -418.22192)

[node name="SpotLight3D" type="SpotLight3D" parent="Setting/Environment" unique_id=934480039]
transform = Transform3D(0.018813504, 0.99288756, -0.117553554, -0.09202269, 0.11879498, 0.9886454, 0.99557835, -0.0077822884, 0.09360313, -293.28503, 4.640673, 257.50903)
light_energy = 8.839
shadow_enabled = true
shadow_bias = 1.148
spot_range = 5.56693
spot_angle = 39.374996

[node name="OmniLight3D" type="OmniLight3D" parent="Setting/Environment" unique_id=1905121342]
transform = Transform3D(0.9999993, 0, 0, 0, 1, 0, 0, 0, 0.9999993, -302.2787, 23.550537, 54.68109)
light_energy = 4.263

[node name="OmniLight3D2" type="OmniLight3D" parent="Setting/Environment" unique_id=2081706672]
transform = Transform3D(0.9999992, 0, 9.313226e-10, 0, 1, 0, 0, 0, 0.9999992, -244.36786, 26.843033, 58.266357)
light_energy = 4.263

[node name="OmniLight3D3" type="OmniLight3D" parent="Setting/Environment" unique_id=185188832]
transform = Transform3D(0.9999993, 0, 0, 0, 1, 0, 0, 0, 0.9999993, -194.52908, 21.824806, 60.107193)
light_energy = 4.263

[node name="OmniLight3D4" type="OmniLight3D" parent="Setting/Environment" unique_id=82458107]
transform = Transform3D(0.9999993, 0, 0, 0, 1, 0, 0, 0, 0.9999993, -292.9774, 46.8446, 426.1634)
light_energy = 4.263

[node name="OmniLight3D5" type="OmniLight3D" parent="Setting/Environment" unique_id=245623447]
transform = Transform3D(0.9999992, 0, 0, 0, 1, 0, 0, 0, 0.9999992, -193.34673, 43.55417, 429.75467)
light_energy = 4.263

[node name="OmniLight3D6" type="OmniLight3D" parent="Setting/Environment" unique_id=1484794823]
transform = Transform3D(0.9999993, 0, 0, 0, 1, 0, 0, 0, 0.9999993, -128.22289, 45.128464, 429.37933)
light_energy = 4.263

[node name="WorldEnvironment" type="WorldEnvironment" parent="Setting" unique_id=215848764]

[node name="DirectionalLight3D" type="DirectionalLight3D" parent="Setting/WorldEnvironment" unique_id=1698686760]
transform = Transform3D(-0.33538145, -0.49553508, 0.8012268, -0.6391912, 0.7444686, 0.1928761, -0.69206506, -0.44745, -0.5664226, 0, 144.34021, 58.143463)

[node name="Plantlife" type="Node3D" parent="Setting" unique_id=1881234580]

[node name="CSGSphere3D" type="CSGSphere3D" parent="Setting/Plantlife" unique_id=1648930947]
transform = Transform3D(0.48567998, 0, 0.87413764, 0, 1, 0, -0.87413764, 0, 0.48567998, -27.606592, -1.4314117, -396.13754)
radius = 10.310154

[node name="CSGSphere3D2" type="CSGSphere3D" parent="Setting/Plantlife" unique_id=469363176]
transform = Transform3D(0.48567998, 0, 0.87413764, 0, 1, 0, -0.87413764, 0, 0.48567998, -64.157555, -1.4314117, -418.22195)
radius = 10.310154

[node name="CSGSphere3D3" type="CSGSphere3D" parent="Setting/Plantlife" unique_id=97202836]
transform = Transform3D(0.48567998, 0, 0.87413764, 0, 1, 0, -0.87413764, 0, 0.48567998, -46.83207, -1.4314117, -405.41983)
radius = 10.310154

[node name="CSGSphere3D4" type="CSGSphere3D" parent="Setting/Plantlife" unique_id=4625512]
transform = Transform3D(0.48567998, 0, 0.87413764, 0, 1, 0, -0.87413764, 0, 0.48567998, -88.32523, -1.4314117, -428.91324)
radius = 10.310154

[node name="CSGSphere3D5" type="CSGSphere3D" parent="Setting/Plantlife" unique_id=2051460746]
transform = Transform3D(0.48567998, 0, 0.87413764, 0, 1, 0, -0.87413764, 0, 0.48567998, -124.87623, -1.4314117, -450.99768)
radius = 10.310154

[node name="CSGSphere3D6" type="CSGSphere3D" parent="Setting/Plantlife" unique_id=1067291774]
transform = Transform3D(0.48567998, 0, 0.87413764, 0, 1, 0, -0.87413764, 0, 0.48567998, -107.55074, -1.4314117, -438.19556)
radius = 10.310154

[node name="Floor" type="Node" parent="Setting" unique_id=2114554807]

[node name="wood floor" parent="Setting/Floor" unique_id=1739149112 instance=ExtResource("6_vef74")]
transform = Transform3D(1, 0, 0, 0, 1, 0, 0, 0, 1, -117.818146, -1.3309234, 135.92796)

[node name="wood floor2" parent="Setting/Floor" unique_id=696650500 instance=ExtResource("6_vef74")]
transform = Transform3D(1, 0, 0, 0, 1, 0, 0, 0, 1, -118.09702, -1.3309387, 255.78873)

[node name="wood floor3" parent="Setting/Floor" unique_id=684668326 instance=ExtResource("6_vef74")]
transform = Transform3D(1, 0, 0, 0, 1, 0, 0, 0, 1, -120.06591, -1.3309234, 335.2441)

[node name="wood floor4" parent="Setting/Floor" unique_id=1007731010 instance=ExtResource("6_vef74")]
transform = Transform3D(1, 0, 0, 0, 1, 0, 0, 0, 1, -10.876747, 0.30352402, 305.52408)

[node name="wood floor5" parent="Setting/Floor" unique_id=893439168 instance=ExtResource("6_vef74")]
transform = Transform3D(1, 0, 0, 0, 1, 0, 0, 0, 1, -53.045555, -1.3309387, 69.64476)

[node name="wood floor6" parent="Setting/Floor" unique_id=1413475636 instance=ExtResource("6_vef74")]
transform = Transform3D(1, 0, 0, 0, 1, 0, 0, 0, 1, -1.1958313, -1.3309387, 188.56105)

[node name="wood floor7" parent="Setting/Floor" unique_id=2109532549 instance=ExtResource("6_vef74")]
transform = Transform3D(1, 0, 0, 0, 1, 0, 0, 0, 1, 45.843185, -1.3309387, 68.45132)

[node name="wood floor8" parent="Setting/Floor" unique_id=1981925660 instance=ExtResource("6_vef74")]
transform = Transform3D(1, 0, 0, 0, 1, 0, 0, 0, 1, 145.92117, -1.330954, 73.78897)

[node name="wood floor9" parent="Setting/Floor" unique_id=1144843253 instance=ExtResource("6_vef74")]
transform = Transform3D(1, 0, 0, 0, 1, 0, 0, 0, 1, 108.50729, -1.330954, 156.7734)

[node name="wood floor10" parent="Setting/Floor" unique_id=853425290 instance=ExtResource("6_vef74")]
transform = Transform3D(1, 0, 0, 0, 1, 0, 0, 0, 1, 138.33203, -0.73094785, 184.74055)

[node name="wood floor11" parent="Setting/Floor" unique_id=336002491 instance=ExtResource("6_vef74")]
transform = Transform3D(1, 0, 0, 0, 1, 0, 0, 0, 1, 135.22932, -1.3309387, 316.30682)

[node name="wood floor12" parent="Setting/Floor" unique_id=389788165 instance=ExtResource("6_vef74")]
transform = Transform3D(1, 0, 0, 0, 1, 0, 0, 0, 1, 138.89676, -0.7309402, 258.15637)

[node name="wood floor13" parent="Setting/Floor" unique_id=322023160 instance=ExtResource("6_vef74")]
transform = Transform3D(1, 0, 0, 0, 1, 0, 0, 0, 1, 58.92835, -1.3309387, 247.83212)

[node name="wood floor14" parent="Setting/Floor" unique_id=2098599992 instance=ExtResource("6_vef74")]
transform = Transform3D(1, 0, 0, 0, 1, 0, 0, 0, 1, 12.12888, 0.4862152, 314.64328)

[node name="Wall" parent="Setting/Floor" unique_id=1468675804 instance=ExtResource("4_j5wjh")]
transform = Transform3D(1, 0, 0, 0, 1, 0, 0, 0, 1, 129.2558, -1, 7.6952972)

[node name="Wall2" parent="Setting/Floor" unique_id=168944910 instance=ExtResource("4_j5wjh")]
transform = Transform3D(1, 0, 0, 0, 1, 0, 0, 0, 1, -29, -1, 12)

[node name="Wall3" parent="Setting/Floor" unique_id=1300318391 instance=ExtResource("4_j5wjh")]
transform = Transform3D(1, 0, 0, 0, 1, 0, 0, 0, 1, -76, -1, 10.639729)

[node name="Wall4" parent="Setting/Floor" unique_id=2014339206 instance=ExtResource("4_j5wjh")]
transform = Transform3D(0.1210724, 0, -0.99264365, 0, 1, 0, 0.99264365, 0, 0.1210724, -171.64537, -0.20005944, 287.6131)

[node name="Wall5" parent="Setting/Floor" unique_id=330224943 instance=ExtResource("4_j5wjh")]
transform = Transform3D(-0.013087914, -0.015881829, 0.9997882, -0.00020788625, 0.9998739, 0.01588047, -0.99991435, 0, -0.013089566, 185.51616, -1.2127304, 294.8645)

[node name="Wall6" parent="Setting/Floor" unique_id=297488280 instance=ExtResource("4_j5wjh")]
transform = Transform3D(-0.03531807, 0, -0.9993761, 0, 1, 0, 0.9993761, 0, -0.03531807, 198.99084, -0.2282753, 87.830376)

[node name="Chest" parent="." unique_id=461915953 instance=ExtResource("3_ryrav")]
transform = Transform3D(2.9802322e-08, 0, 1.0000001, 0, 1, 0, -1.0000001, 0, 2.9802322e-08, 212, -2, 58)

[node name="Chest2" parent="." unique_id=1256232054 instance=ExtResource("3_ryrav")]
transform = Transform3D(-0.25881904, 0, -0.9659258, 0, 1, 0, 0.9659258, 0, -0.25881904, 182, 40, 379)

[node name="Barrel" parent="." unique_id=410824778 instance=ExtResource("4_eow3j")]
transform = Transform3D(1, 0, 0, 0, 1, 0, 0, 0, 1, 204.04233, -4.7337937, 235.15024)

[node name="Barrel2" parent="." unique_id=219991958 instance=ExtResource("4_eow3j")]
transform = Transform3D(1, 0, 0, 0, 1, 0, 0, 0, 1, 205.3956, -4.76094, 237.34682)

[node name="Barrel3" parent="." unique_id=1525809311 instance=ExtResource("4_eow3j")]
transform = Transform3D(1, 0, 0, 0, 1, 0, 0, 0, 1, 203.83731, -2.8890016, 236.78372)

[node name="StaticBody3D" parent="." unique_id=1039500635 instance=ExtResource("6_vef74")]
transform = Transform3D(1, 0, 0, 0, 1, 0, 0, 0, 1, -118.43442, -1.3309368, 71.12261)

[node name="wood floor" parent="." unique_id=1783522452 instance=ExtResource("6_vef74")]
transform = Transform3D(1, 0, 0, 0, 1, 0, 0, 0, 1, -102.43824, 42.669846, 303.71512)

[node name="wood floor2" parent="." unique_id=1937966879 instance=ExtResource("6_vef74")]
transform = Transform3D(1, 0, 0, 0, 1, 0, 0, 0, 1, 16.94991, 41.945156, 303.93985)

[node name="wood floor3" parent="." unique_id=1711704407 instance=ExtResource("6_vef74")]
transform = Transform3D(1, 0, 0, 0, 1, 0, 0, 0, 1, 131.37373, 41.09475, 303.21545)

[node name="Stone Floor" parent="." unique_id=559649128 instance=ExtResource("7_vef74")]
transform = Transform3D(1, 0, 0, 0, 0.9999999, -0.00052359875, 0, 0.00052359875, 0.9999999, -292.01855, -4.1535177, 295.40097)

[node name="Stone Floor2" parent="." unique_id=2077254504 instance=ExtResource("7_vef74")]
transform = Transform3D(1, 0, 0, 0, 1, 0, 0, 0, 1, -286.97565, -1.7127342, 97.884476)

[node name="Stone Floor3" parent="." unique_id=1703377999 instance=ExtResource("7_vef74")]
transform = Transform3D(1, 0, 0, 0, 1, 0, 0, 0, 1, -438.52972, -1.7562354, 101.405304)

[node name="Stone Floor4" parent="." unique_id=568714568 instance=ExtResource("7_vef74")]
transform = Transform3D(1, 0, 0, 0, 1, 0, 0, 0, 1, -436.2567, -4.2103367, 300.00235)

[node name="Stone Floor5" parent="." unique_id=788892446 instance=ExtResource("7_vef74")]
transform = Transform3D(1, 0, 0, 0, 1, 0, 0, 0, 1, 283.70352, -4.234893, 301.9984)

[node name="Stone Floor6" parent="." unique_id=898543283 instance=ExtResource("7_vef74")]
transform = Transform3D(1, 0, 0, 0, 1, 0, 0, 0, 1, 285.6004, -1.7901423, 104.14989)
